urine_data 

 8  Variables      79  Observations
------------------------------------------------------------------------------------------------------
X 
       n  missing distinct     Info     Mean      Gmd      .05      .10      .25      .50      .75 
      79        0       79        1       40    26.67      4.9      8.8     20.5     40.0     59.5 
     .90      .95 
    71.2     75.1 

lowest :  1  2  3  4  5, highest: 75 76 77 78 79
------------------------------------------------------------------------------------------------------
r 
       n  missing distinct     Info      Sum     Mean      Gmd 
      79        0        2    0.736       34   0.4304   0.4966 

------------------------------------------------------------------------------------------------------
gravity 
       n  missing distinct     Info     Mean      Gmd      .05      .10      .25      .50      .75 
      79        0       29    0.997    1.018 0.008223    1.008    1.008    1.012    1.018    1.023 
     .90      .95 
   1.026    1.029 

lowest : 1.005 1.006 1.007 1.008 1.009, highest: 1.029 1.031 1.033 1.034 1.04 
------------------------------------------------------------------------------------------------------
ph 
       n  missing distinct     Info     Mean      Gmd      .05      .10      .25      .50      .75 
      79        0       70        1    6.028    0.808    5.072    5.234    5.530    5.940    6.385 
     .90      .95 
   6.922    7.403 

lowest : 4.76 4.81 4.9  4.91 5.09, highest: 7.38 7.61 7.9  7.92 7.94
------------------------------------------------------------------------------------------------------
osmo 
       n  missing distinct     Info     Mean      Gmd      .05      .10      .25      .50      .75 
      78        1       76        1      615    274.2    249.6    303.3    411.5    612.5    797.5 
     .90      .95 
   885.3    958.1 

lowest :  187  225  241  242  251, highest:  956  970 1032 1107 1236
------------------------------------------------------------------------------------------------------
cond 
       n  missing distinct     Info     Mean      Gmd      .05      .10      .25      .50      .75 
      78        1       63        1     20.9    9.164    8.355   10.600   14.375   21.400   26.775 
     .90      .95 
  29.960   33.630 

lowest : 5.1  7.5  8.1  8.4  8.8 , highest: 33.6 33.8 35.8 35.9 38  
------------------------------------------------------------------------------------------------------
urea 
       n  missing distinct     Info     Mean      Gmd      .05      .10      .25      .50      .75 
      79        0       73        1    266.4    150.5     85.8    100.2    160.0    260.0    372.0 
     .90      .95 
   432.6    474.3 

lowest :  10  64  72  75  87, highest: 473 486 516 550 620
------------------------------------------------------------------------------------------------------
calc 
       n  missing distinct     Info     Mean      Gmd      .05      .10      .25      .50      .75 
      79        0       75        1    4.139    3.533    0.758    1.028    1.460    3.160    5.930 
     .90      .95 
   8.490    9.671 

lowest : 0.17  0.27  0.58  0.65  0.77 , highest: 9.39  12.2  12.68 13    14.34
------------------------------------------------------------------------------------------------------
